2
3
6
1
7
12
4
2
73.981535
44.439571
83.927135
30.561437
46.083051
68.581666
10.331181
32.956055
80.990214
87.302783
50.485792
40.578736
71.970391
32.147170
58.026485
44.127771
37.949224
77.192448
14.332685
40.121919
69.358326
52.113189
55.897177
62.759614
73.142571
88.346416
19.518335
97.515625
91.827673
83.444959
83.296531
65.809205
27.884529
67.223664
96.370643
73.967579
35.805328
6.701822
6.923632
16.795539
94.004605
57.409424
57.374275
65.974993
89.556594
15.400758
10.102763
27.505816
92.593206
24.435448
67.627735
61.951530
76.548636
23.524910
24.711141
49.691205
11.871323
44.229476
47.206827
3.698994
27.674433
30.503356
69.508199
55.558962
97.727020
65.878840
29.526539
33.532346
72.580662
36.450171
50.327885
66.585264
93.859595
7.702158
32.560255
83.416187
23.102916
42.663018
10.922001
15.696119
67.098466
78.549736
77.647649
43.647100
2.074643
2.358788
93.338304
13.945967
46.588264
40.545130
17.644961
74.262697
71.048486
87.153160
29.821657
68.775504
53.031998
59.348196
2.307847
25.612657
95.798367
52.635732
92.197922
89.657960
60.337891
24.758175
73.074145
83.440807
67.421193
83.996146
99.136926
34.519656
62.545879
76.784573
78.166756
64.620523
79.143361
71.505058
78.566490
25.731623
